name: iMolpro
channels:
  - conda-forge
  - defaults
dependencies:
  - altgraph=0.17.4=pyhd8ed1ab_0
  - brotli-python=1.1.0=py311ha891d26_1
  - bzip2=1.0.8=h93a5062_5
  - c-ares=1.28.1=h93a5062_0
  - ca-certificates=2024.2.2=hf0a4a13_0
  - certifi=2024.2.2=pyhd8ed1ab_0
  - charset-normalizer=3.3.2=pyhd8ed1ab_0
  - chemspipy=2.0.0=py_0
  - curl=8.7.1=h2d989ff_0
  - gettext=0.22.5=h8fbad5d_2
  - gettext-tools=0.22.5=h8fbad5d_2
  - git=2.44.0=pl5321h015987d_0
  - glib=2.80.0=hfc324ee_5
  - glib-tools=2.80.0=hb9a4d99_5
  - gst-plugins-base=1.24.1=h09b4b5e_1
  - gstreamer=1.24.1=h551c6ff_1
  - icu=73.2=hc8870d7_0
  - idna=3.7=pyhd8ed1ab_0
  - importlib-metadata=7.1.0=pyha770c72_0
  - importlib_metadata=7.1.0=hd8ed1ab_0
  - krb5=1.21.2=h92f50d5_0
  - libasprintf=0.22.5=h8fbad5d_2
  - libasprintf-devel=0.22.5=h8fbad5d_2
  - libblas=3.9.0=20_osxarm64_openblas
  - libboost=1.84.0=h8e0f962_2
  - libcblas=3.9.0=20_osxarm64_openblas
  - libclang-cpp15=15.0.7=default_he012953_5
  - libclang13=18.1.3=default_h83d0a53_0
  - libcurl=8.7.1=h2d989ff_0
  - libcxx=16.0.6=h4653b0c_0
  - libedit=3.1.20191231=hc8eb9b7_2
  - libev=4.33=h93a5062_2
  - libexpat=2.6.2=hebf3989_0
  - libffi=3.4.2=h3422bc3_5
  - libgettextpo=0.22.5=h8fbad5d_2
  - libgettextpo-devel=0.22.5=h8fbad5d_2
  - libgfortran=5.0.0=13_2_0_hd922786_3
  - libgfortran5=13.2.0=hf226fd6_3
  - libglib=2.80.0=hfc324ee_5
  - libiconv=1.17=h0d3ecfb_2
  - libintl=0.22.5=h8fbad5d_2
  - libintl-devel=0.22.5=h8fbad5d_2
  - libjpeg-turbo=3.0.0=hb547adb_1
  - liblapack=3.9.0=20_osxarm64_openblas
  - libllvm15=15.0.7=h2621b3d_4
  - libllvm18=18.1.3=h30cc82d_0
  - libnghttp2=1.58.0=ha4dd798_1
  - libogg=1.3.4=h27ca646_1
  - libopenblas=0.3.25=openmp_h6c19121_0
  - libopus=1.3.1=h27ca646_1
  - libpng=1.6.43=h091b4b1_0
  - libpq=16.2=h0f8b458_1
  - libsqlite=3.45.3=h091b4b1_0
  - libssh2=1.11.0=h7a5bd25_0
  - libvorbis=1.3.7=h9f76cd9_0
  - libxml2=2.12.6=h0d0cfa8_2
  - libxslt=1.1.39=h223e5b9_0
  - libzlib=1.2.13=h53f4e23_5
  - llvm-openmp=18.1.3=hcd81f8e_0
  - lxml=5.1.0=py311h85df328_0
  - lz4-c=1.9.4=hb7217d7_0
  - macholib=1.16.3=pyhd8ed1ab_0
  - mysql-common=8.3.0=hd1853d3_4
  - mysql-libs=8.3.0=hf036fc4_4
  - ncurses=6.4.20240210=h078ce10_0
  - nspr=4.35=hb7217d7_0
  - nss=3.98=h5ce2875_0
  - numpy=1.26.4=py311h7125741_0
  - openssl=3.2.1=h0d3ecfb_1
  - packaging=24.0=pyhd8ed1ab_0
  - pandas=2.2.2=py311hfbe21a1_0
  - pcre2=10.43=h26f9a81_0
  - perl=5.32.1=7_h4614cfb_perl5
  - pip=24.0=pyhd8ed1ab_0
  - platformdirs=4.2.0=pyhd8ed1ab_0
  - ply=3.11=pyhd8ed1ab_2
  - pooch=1.8.1=pyhd8ed1ab_0
  - popt=1.16=h61edf1b_2002
  - pubchempy=1.0.4=py_0
  - pugixml=1.14=h13dd4ca_0
  - pyinstaller=6.6.0=py311h4045465_0
  - pyinstaller-hooks-contrib=2024.4=pyhd8ed1ab_0
  - pymolpro=1.4.28=pyhd8ed1ab_0
  - pyqt=5.15.9=py311hc49b008_5
  - pyqt5-sip=12.12.2=py311ha891d26_5
  - pyqtwebengine=5.15.9=py311h14ede98_5
  - pysjef=1.38.35=py311h9117cba_0
  - pysocks=1.7.1=pyha2e5f31_6
  - python=3.11.8=hdf0ec26_0_cpython
  - python-dateutil=2.9.0=pyhd8ed1ab_0
  - python-tzdata=2024.1=pyhd8ed1ab_0
  - python_abi=3.11=4_cp311
  - pytz=2024.1=pyhd8ed1ab_0
  - qt-main=5.15.8=hf679f28_21
  - qt-webengine=5.15.9=h2903aaf_7
  - readline=8.2=h92ec313_1
  - regex=2024.4.16=py311h05b510d_0
  - requests=2.31.0=pyhd8ed1ab_0
  - rsync=3.3.0=h8fab359_0
  - scipy=1.12.0=py311h4f9446f_2
  - setuptools=69.5.1=pyhd8ed1ab_0
  - sip=6.8.3=py311h92babd0_0
  - six=1.16.0=pyh6c4a22f_0
  - tk=8.6.13=h5083fa2_1
  - toml=0.10.2=pyhd8ed1ab_0
  - tomli=2.0.1=pyhd8ed1ab_0
  - tzdata=2024a=h0c530f3_0
  - urllib3=2.2.1=pyhd8ed1ab_0
  - wheel=0.43.0=pyhd8ed1ab_1
  - xxhash=0.8.2=hb547adb_0
  - xz=5.2.6=h57fd34a_0
  - zipp=3.17.0=pyhd8ed1ab_0
  - zstd=1.5.5=h4f39d0f_0
prefix: /opt/homebrew/Caskroom/miniconda/base/envs/iMolpro
